epsilon: [0.01 0.2 0.4 0.6000000000000001 0.8 1 1.2 1.4 1.5999999999999999 1.7999999999999998 1.9999999999999998 2.1999999999999997 2.4 2.6 2.8000000000000003 3.0000000000000004 3.2000000000000006 3.400000000000001 3.600000000000001 3.800000000000001 4.000000000000001 4.200000000000001 4.400000000000001 4.600000000000001 4.800000000000002 5.000000000000002 5.200000000000002 5.400000000000002 5.600000000000002 5.8000000000000025 6.000000000000003 6.200000000000003 6.400000000000003 6.600000000000003 6.800000000000003 7.0000000000000036 7.200000000000004 7.400000000000004 7.600000000000004 7.800000000000004 8.000000000000004 8.200000000000003 8.400000000000002 8.600000000000001 8.8 9 9.2 9.399999999999999 9.599999999999998 9.799999999999997 9.999999999999996]
LBW10000 = [0.5349206349206348, 0.5777777777777777, 0.553968253968254, 0.634920634920635, 0.6365079365079365, 0.664021164021164, 0.6629629629629629, 0.6746031746031746, 0.682010582010582, 0.6899470899470901, 0.6904761904761904, 0.6883597883597882, 0.6883597883597882, 0.6809523809523809, 0.6894179894179893, 0.6888888888888888, 0.6883597883597883, 0.6904761904761904, 0.6915343915343913, 0.6883597883597882, 0.6878306878306877, 0.6883597883597882, 0.6883597883597882, 0.6878306878306877, 0.6883597883597882, 0.6883597883597882, 0.6883597883597883, 0.6878306878306877, 0.6878306878306877, 0.6925925925925924, 0.6878306878306877, 0.6883597883597882, 0.6925925925925924, 0.6878306878306877, 0.6878306878306877, 0.6888888888888888, 0.6878306878306877, 0.6878306878306877, 0.6894179894179894, 0.6894179894179893, 0.6883597883597882, 0.6878306878306877, 0.6878306878306877, 0.6878306878306877, 0.6878306878306877, 0.6878306878306877, 0.6878306878306877, 0.6878306878306877, 0.6904761904761905, 0.6878306878306877, 0.6878306878306877, ];
LBW1000 = [0.5772486772486772, 0.6365079365079365, 0.6555555555555556, 0.647089947089947, 0.6873015873015872, 0.6873015873015872, 0.6883597883597882, 0.6883597883597882, 0.6878306878306877, 0.6878306878306877, 0.6883597883597882, 0.6878306878306877, 